<?xml version="1.0"?>
<opencv_storage>
<intrinsics1 type_id="opencv-matrix">
  <rows>3</rows>
  <cols>3</cols>
  <dt>f</dt>
  <data>
    495.89791870 0. 159.98631287 0. 495.55017090 90.34458923 0. 0. 1.</data></intrinsics1>
</opencv_storage>
